200 3024
1 7
1 14
1 20
1 29
1 35
1 45
1 49
1 60
1 61
1 72
1 86
1 92
1 100
1 113
1 121
1 131
1 136
1 149
1 154
1 160
1 161
1 165
1 166
1 170
1 175
1 187
1 189
1 194
2 4
2 5
2 8
2 10
2 20
2 27
2 31
2 34
2 44
2 46
2 49
2 50
2 55
2 74
2 75
2 77
2 80
2 81
2 83
2 90
2 100
2 114
2 119
2 129
2 131
2 132
2 139
2 141
2 142
2 144
2 148
2 159
2 160
2 162
2 177
2 178
2 184
2 197
2 200
3 44
3 47
3 54
3 58
3 68
3 80
3 81
3 84
3 85
3 93
3 100
3 103
3 112
3 134
3 151
3 155
3 165
3 175
3 185
3 189
3 191
3 196
4 6
4 11
4 40
4 43
4 44
4 61
4 66
4 76
4 90
4 96
4 98
4 100
4 102
4 112
4 113
4 117
4 118
4 119
4 127
4 128
4 130
4 136
4 138
4 143
4 149
4 152
4 164
4 165
4 166
4 171
4 177
4 178
4 188
4 199
5 19
5 20
5 38
5 39
5 52
5 54
5 56
5 74
5 82
5 95
5 98
5 104
5 106
5 112
5 120
5 144
5 147
5 151
5 158
5 172
5 173
5 193
5 195
6 13
6 15
6 16
6 30
6 33
6 34
6 39
6 42
6 43
6 46
6 47
6 49
6 58
6 60
6 72
6 84
6 85
6 88
6 101
6 106
6 121
6 136
6 137
6 139
6 140
6 152
6 156
6 160
6 162
6 166
6 170
6 180
6 195
6 198
6 199
7 21
7 23
7 25
7 26
7 30
7 45
7 49
7 54
7 59
7 62
7 63
7 66
7 70
7 71
7 72
7 83
7 85
7 93
7 99
7 101
7 102
7 103
7 106
7 111
7 115
7 117
7 129
7 131
7 138
7 149
7 158
7 162
7 168
7 172
7 176
7 181
7 191
7 192
7 199
8 12
8 13
8 15
8 31
8 36
8 44
8 61
8 77
8 87
8 88
8 114
8 123
8 127
8 130
8 132
8 134
8 139
8 148
8 150
8 158
8 168
8 172
8 180
8 185
8 200
9 20
9 24
9 43
9 45
9 47
9 52
9 55
9 57
9 61
9 67
9 72
9 77
9 85
9 98
9 100
9 114
9 119
9 121
9 126
9 130
9 137
9 143
9 147
9 158
9 165
9 170
9 171
9 175
9 176
9 179
9 187
9 189
9 192
9 199
10 11
10 15
10 18
10 20
10 40
10 42
10 57
10 58
10 60
10 70
10 71
10 74
10 109
10 110
10 111
10 118
10 122
10 131
10 133
10 135
10 142
10 151
10 158
10 161
10 165
10 172
10 185
10 186
10 187
10 188
10 195
11 13
11 15
11 18
11 21
11 22
11 23
11 30
11 34
11 37
11 40
11 42
11 46
11 48
11 49
11 54
11 60
11 67
11 69
11 77
11 93
11 102
11 118
11 121
11 124
11 127
11 137
11 138
11 140
11 148
11 153
11 164
11 182
11 191
12 14
12 18
12 20
12 22
12 23
12 27
12 30
12 69
12 73
12 74
12 81
12 94
12 113
12 121
12 122
12 133
12 134
12 137
12 143
12 145
12 154
12 156
12 157
12 167
12 168
12 169
12 171
12 172
12 174
12 176
12 186
12 187
12 196
12 197
13 33
13 40
13 43
13 45
13 46
13 47
13 53
13 62
13 74
13 81
13 86
13 93
13 95
13 97
13 99
13 100
13 103
13 111
13 112
13 115
13 119
13 120
13 127
13 132
13 140
13 142
13 150
13 154
13 157
13 165
13 176
13 177
13 190
13 198
14 15
14 20
14 30
14 31
14 58
14 62
14 65
14 68
14 70
14 74
14 78
14 94
14 107
14 109
14 111
14 114
14 123
14 129
14 133
14 140
14 143
14 144
14 147
14 157
14 158
14 177
14 179
14 199
15 22
15 24
15 28
15 32
15 33
15 43
15 46
15 51
15 54
15 56
15 59
15 65
15 73
15 74
15 80
15 81
15 99
15 101
15 106
15 110
15 112
15 118
15 122
15 129
15 133
15 144
15 148
15 163
15 164
15 166
15 167
15 170
15 173
15 178
15 197
16 17
16 20
16 23
16 56
16 62
16 64
16 68
16 73
16 76
16 81
16 91
16 102
16 105
16 107
16 110
16 111
16 118
16 119
16 122
16 132
16 148
16 154
16 162
16 181
16 183
16 186
16 187
16 188
16 191
16 192
16 200
17 41
17 43
17 46
17 53
17 59
17 62
17 75
17 85
17 107
17 109
17 110
17 112
17 134
17 137
17 140
17 149
17 161
17 176
17 179
17 184
17 189
18 19
18 20
18 24
18 26
18 35
18 39
18 41
18 52
18 56
18 57
18 59
18 75
18 84
18 93
18 97
18 109
18 110
18 113
18 115
18 125
18 126
18 139
18 166
18 168
18 169
18 174
18 176
18 179
18 184
18 185
18 197
18 200
19 21
19 22
19 32
19 45
19 46
19 56
19 78
19 86
19 108
19 112
19 122
19 125
19 134
19 136
19 137
19 144
19 145
19 150
19 164
19 192
19 195
19 197
20 25
20 28
20 29
20 33
20 48
20 65
20 66
20 67
20 73
20 75
20 86
20 95
20 101
20 109
20 121
20 127
20 133
20 134
20 135
20 139
20 150
20 161
20 171
20 177
20 187
20 193
20 195
21 23
21 26
21 28
21 37
21 49
21 57
21 58
21 61
21 70
21 74
21 81
21 90
21 92
21 95
21 106
21 108
21 125
21 126
21 129
21 137
21 139
21 149
21 153
21 162
21 172
21 174
21 186
21 191
21 195
21 196
22 31
22 39
22 50
22 68
22 70
22 76
22 77
22 108
22 122
22 124
22 125
22 127
22 128
22 131
22 132
22 134
22 137
22 139
22 143
22 146
22 155
22 159
22 162
22 168
22 172
22 176
22 179
22 181
22 185
22 186
22 192
23 33
23 37
23 40
23 41
23 45
23 51
23 73
23 82
23 101
23 108
23 118
23 120
23 126
23 143
23 146
23 147
23 175
23 177
23 178
23 181
23 187
23 188
23 192
24 28
24 30
24 34
24 57
24 81
24 91
24 110
24 127
24 135
24 142
24 144
24 149
24 160
24 195
24 197
24 200
25 30
25 38
25 40
25 41
25 47
25 55
25 59
25 69
25 72
25 76
25 89
25 99
25 101
25 107
25 117
25 121
25 125
25 144
25 146
25 162
25 163
25 165
25 171
25 172
25 177
25 184
25 187
25 188
25 193
26 37
26 38
26 52
26 64
26 66
26 69
26 76
26 109
26 112
26 145
26 149
26 150
26 151
26 156
26 160
26 163
26 167
26 173
26 177
26 181
27 47
27 62
27 82
27 85
27 93
27 94
27 95
27 96
27 99
27 101
27 104
27 116
27 124
27 126
27 128
27 133
27 134
27 150
27 153
27 155
27 161
27 170
27 177
27 189
27 190
28 34
28 48
28 56
28 59
28 62
28 68
28 69
28 71
28 72
28 87
28 126
28 127
28 133
28 144
28 150
28 152
28 153
28 156
28 170
28 171
28 175
28 199
29 47
29 56
29 58
29 64
29 74
29 89
29 102
29 109
29 116
29 135
29 149
29 153
29 154
29 157
29 172
29 175
29 176
29 193
29 195
29 197
29 199
30 36
30 39
30 42
30 45
30 47
30 60
30 64
30 67
30 74
30 85
30 87
30 90
30 91
30 94
30 104
30 105
30 108
30 118
30 124
30 127
30 135
30 136
30 152
30 160
30 169
30 198
31 38
31 58
31 73
31 95
31 104
31 117
31 132
31 135
31 138
31 140
31 143
31 158
31 167
31 177
31 196
32 43
32 44
32 61
32 63
32 64
32 67
32 72
32 74
32 75
32 82
32 96
32 102
32 105
32 118
32 132
32 138
32 146
32 150
32 163
32 174
32 181
32 184
32 185
32 188
32 191
32 198
33 41
33 43
33 52
33 53
33 55
33 76
33 83
33 87
33 89
33 96
33 100
33 124
33 134
33 136
33 139
33 140
33 145
33 146
33 162
33 168
33 175
33 181
33 185
33 191
33 194
34 39
34 40
34 43
34 44
34 58
34 66
34 72
34 78
34 79
34 89
34 95
34 100
34 107
34 109
34 114
34 122
34 131
34 142
34 151
34 158
34 174
34 176
35 44
35 51
35 54
35 74
35 81
35 91
35 98
35 101
35 111
35 118
35 123
35 140
35 142
35 145
35 148
35 149
35 171
35 176
35 183
35 191
35 193
35 198
36 41
36 46
36 58
36 62
36 65
36 73
36 83
36 84
36 94
36 95
36 99
36 103
36 104
36 111
36 118
36 119
36 121
36 125
36 127
36 133
36 145
36 146
36 148
36 153
36 155
36 169
36 182
36 190
36 194
36 195
36 200
37 46
37 57
37 59
37 62
37 64
37 65
37 73
37 86
37 90
37 94
37 102
37 109
37 118
37 145
37 153
37 154
37 161
37 166
37 169
37 172
37 179
37 183
37 187
37 188
37 191
37 193
37 198
38 65
38 87
38 95
38 98
38 102
38 113
38 114
38 117
38 121
38 122
38 125
38 128
38 129
38 139
38 142
38 146
38 148
38 153
38 168
38 171
38 182
38 194
38 199
39 41
39 59
39 70
39 71
39 74
39 84
39 85
39 88
39 89
39 90
39 94
39 101
39 106
39 112
39 118
39 124
39 141
39 147
39 158
39 178
39 187
39 189
39 190
39 194
40 50
40 51
40 61
40 62
40 63
40 73
40 82
40 89
40 98
40 101
40 104
40 109
40 111
40 112
40 116
40 121
40 134
40 137
40 139
40 147
40 148
40 149
40 151
40 156
40 164
40 167
40 174
40 178
40 182
40 183
41 44
41 56
41 57
41 58
41 64
41 66
41 76
41 87
41 93
41 95
41 99
41 110
41 112
41 114
41 135
41 146
41 148
41 155
41 157
41 160
41 171
41 195
41 196
41 199
42 54
42 57
42 64
42 73
42 79
42 82
42 90
42 96
42 101
42 106
42 108
42 120
42 121
42 122
42 134
42 143
42 146
42 149
42 155
42 160
42 162
42 163
42 164
42 172
42 184
42 187
42 200
43 45
43 52
43 61
43 71
43 72
43 77
43 83
43 92
43 102
43 108
43 110
43 124
43 127
43 129
43 134
43 135
43 139
43 144
43 147
43 148
43 151
43 160
43 165
43 168
43 170
43 171
43 176
43 177
43 178
43 187
43 188
43 189
43 190
44 47
44 51
44 53
44 57
44 66
44 74
44 80
44 91
44 93
44 94
44 118
44 123
44 126
44 127
44 128
44 130
44 145
44 153
44 160
44 166
44 175
44 181
44 183
44 184
44 196
44 200
45 51
45 61
45 62
45 64
45 70
45 80
45 82
45 105
45 106
45 107
45 110
45 122
45 131
45 135
45 142
45 153
45 154
45 155
45 156
45 157
45 165
45 176
45 199
46 48
46 55
46 73
46 77
46 78
46 93
46 95
46 100
46 106
46 112
46 121
46 153
46 162
46 164
46 165
46 174
46 176
46 184
46 187
46 188
46 194
46 198
47 52
47 56
47 58
47 68
47 73
47 76
47 93
47 95
47 97
47 101
47 104
47 117
47 119
47 121
47 126
47 128
47 132
47 160
47 169
47 189
47 190
47 195
47 196
48 62
48 69
48 80
48 86
48 91
48 96
48 99
48 110
48 112
48 122
48 132
48 133
48 148
48 160
48 161
48 162
48 174
48 179
48 183
48 188
48 189
48 192
48 194
48 198
49 53
49 57
49 60
49 64
49 68
49 79
49 82
49 92
49 93
49 99
49 105
49 119
49 120
49 121
49 135
49 136
49 138
49 140
49 153
49 158
49 159
49 162
49 176
49 184
49 187
49 194
49 200
50 52
50 61
50 66
50 73
50 77
50 81
50 82
50 83
50 86
50 92
50 107
50 116
50 117
50 126
50 129
50 133
50 135
50 138
50 157
50 171
50 173
50 180
50 195
51 53
51 66
51 105
51 107
51 121
51 123
51 125
51 128
51 131
51 147
51 149
51 159
51 160
51 161
51 164
51 167
51 191
51 198
52 55
52 57
52 61
52 62
52 67
52 74
52 78
52 86
52 96
52 97
52 98
52 106
52 122
52 135
52 142
52 147
52 152
52 157
52 166
52 168
52 169
52 175
52 176
52 180
52 184
53 54
53 55
53 57
53 67
53 73
53 78
53 80
53 82
53 96
53 107
53 117
53 120
53 123
53 126
53 127
53 130
53 133
53 141
53 145
53 151
53 161
53 162
53 196
53 197
53 198
54 55
54 58
54 61
54 67
54 77
54 91
54 93
54 97
54 107
54 117
54 126
54 137
54 148
54 152
54 155
54 161
54 162
54 169
54 178
54 179
54 185
54 187
54 188
55 59
55 68
55 73
55 85
55 86
55 103
55 105
55 114
55 119
55 120
55 126
55 133
55 138
55 142
55 151
55 152
55 162
55 169
55 173
55 183
55 185
55 189
56 82
56 92
56 102
56 118
56 125
56 153
56 158
56 167
56 171
56 174
56 175
56 182
56 185
56 186
57 60
57 78
57 79
57 85
57 89
57 92
57 93
57 95
57 107
57 117
57 124
57 126
57 130
57 131
57 133
57 135
57 140
57 147
57 166
57 178
57 192
57 196
58 60
58 62
58 67
58 73
58 78
58 87
58 90
58 92
58 97
58 120
58 121
58 130
58 133
58 140
58 154
58 160
58 165
58 168
58 172
58 173
58 176
58 179
58 189
58 190
58 196
58 199
59 73
59 82
59 88
59 98
59 107
59 116
59 117
59 127
59 135
59 141
59 143
59 146
59 157
59 168
59 178
59 179
59 181
59 185
59 192
59 193
59 198
60 67
60 72
60 74
60 99
60 103
60 108
60 112
60 123
60 136
60 139
60 146
60 148
60 151
60 154
60 159
60 160
60 168
60 174
60 178
60 185
61 77
61 92
61 114
61 129
61 136
61 137
61 138
61 142
61 150
61 176
61 181
61 183
61 199
62 63
62 73
62 77
62 82
62 88
62 100
62 103
62 114
62 115
62 116
62 159
62 166
62 168
62 170
62 171
62 173
62 182
62 192
62 195
62 199
63 77
63 81
63 89
63 96
63 98
63 106
63 111
63 117
63 131
63 142
63 146
63 162
63 167
63 169
63 185
64 68
64 72
64 76
64 77
64 79
64 90
64 91
64 97
64 112
64 115
64 117
64 121
64 129
64 132
64 138
64 146
64 153
64 155
64 182
64 187
64 194
64 195
64 198
64 199
65 68
65 82
65 85
65 96
65 97
65 108
65 111
65 113
65 114
65 121
65 122
65 125
65 127
65 142
65 147
65 156
65 163
65 172
65 180
65 191
66 69
66 76
66 89
66 103
66 105
66 114
66 115
66 116
66 122
66 129
66 131
66 152
66 154
66 155
66 157
66 162
66 166
66 173
66 177
66 178
66 182
66 185
66 187
66 194
66 197
67 90
67 93
67 98
67 103
67 104
67 121
67 131
67 136
67 140
67 142
67 150
67 160
67 161
67 167
67 186
67 190
67 197
68 85
68 87
68 114
68 126
68 129
68 133
68 143
68 160
68 164
68 170
68 172
68 180
68 187
68 189
68 200
69 72
69 83
69 85
69 87
69 90
69 94
69 98
69 108
69 117
69 119
69 127
69 128
69 147
69 151
69 166
69 186
69 193
69 194
69 195
70 74
70 80
70 86
70 96
70 103
70 108
70 112
70 114
70 116
70 118
70 123
70 124
70 126
70 129
70 130
70 132
70 136
70 147
70 151
70 152
70 159
70 161
70 178
70 186
70 187
70 192
70 194
70 195
70 200
71 79
71 85
71 89
71 91
71 92
71 98
71 100
71 111
71 112
71 115
71 122
71 126
71 128
71 130
71 132
71 137
71 151
71 161
71 170
71 173
71 175
71 177
71 179
71 181
71 187
71 193
71 197
72 86
72 98
72 111
72 112
72 125
72 126
72 127
72 129
72 136
72 141
72 148
72 149
72 152
72 157
72 158
72 160
72 162
72 171
72 174
72 176
72 178
72 179
72 181
72 189
72 190
72 192
73 74
73 75
73 79
73 85
73 89
73 94
73 96
73 101
73 106
73 113
73 120
73 139
73 145
73 147
73 155
73 163
73 164
73 173
73 179
73 182
73 183
73 188
73 191
73 200
74 82
74 85
74 101
74 105
74 112
74 115
74 116
74 117
74 122
74 126
74 133
74 137
74 142
74 143
74 152
74 162
74 171
74 181
74 184
74 190
74 191
74 196
75 81
75 84
75 101
75 112
75 119
75 122
75 124
75 126
75 132
75 138
75 147
75 151
75 166
75 167
75 184
75 188
75 191
75 198
76 77
76 80
76 90
76 101
76 109
76 115
76 124
76 140
76 141
76 147
76 168
76 172
76 174
76 176
76 177
76 178
76 189
76 193
76 199
77 109
77 111
77 119
77 121
77 128
77 129
77 133
77 138
77 154
77 175
77 198
77 200
78 86
78 97
78 100
78 106
78 107
78 108
78 109
78 110
78 151
78 161
78 164
78 175
78 182
78 194
78 200
79 83
79 95
79 124
79 126
79 137
79 140
79 141
79 143
79 144
79 147
79 160
79 165
79 178
79 187
79 197
80 86
80 93
80 105
80 109
80 114
80 117
80 120
80 122
80 123
80 133
80 139
80 147
80 154
80 165
80 180
80 191
80 197
80 199
81 88
81 91
81 94
81 106
81 111
81 112
81 124
81 130
81 133
81 147
81 150
81 157
81 165
81 171
81 173
81 180
81 193
81 198
82 86
82 101
82 104
82 109
82 114
82 119
82 120
82 121
82 122
82 133
82 144
82 146
82 150
82 155
82 157
82 162
82 167
82 171
82 193
82 194
83 88
83 97
83 98
83 100
83 104
83 111
83 120
83 122
83 125
83 130
83 133
83 134
83 139
83 140
83 145
83 165
83 184
83 188
83 192
84 87
84 92
84 100
84 105
84 110
84 117
84 118
84 119
84 122
84 128
84 134
84 135
84 136
84 146
84 147
84 156
84 162
84 171
84 174
84 175
84 178
84 182
84 184
84 186
85 91
85 92
85 103
85 106
85 116
85 118
85 119
85 120
85 131
85 140
85 156
85 157
85 162
85 177
85 181
85 187
85 200
86 102
86 106
86 109
86 114
86 132
86 148
86 170
86 176
86 194
86 199
87 88
87 101
87 114
87 122
87 126
87 129
87 137
87 143
87 149
87 155
87 158
87 171
87 185
88 93
88 101
88 109
88 114
88 118
88 119
88 132
88 136
88 138
88 140
88 143
88 148
88 152
88 166
88 175
89 91
89 95
89 101
89 114
89 122
89 133
89 151
89 153
89 167
89 175
89 178
89 181
89 194
89 197
89 198
90 94
90 95
90 102
90 104
90 115
90 116
90 117
90 120
90 127
90 134
90 138
90 142
90 156
90 161
90 164
90 168
90 170
90 181
90 186
90 193
91 93
91 94
91 96
91 99
91 101
91 103
91 105
91 130
91 131
91 135
91 145
91 175
91 182
91 186
91 198
92 99
92 100
92 103
92 104
92 108
92 112
92 121
92 123
92 132
92 137
92 139
92 142
92 144
92 146
92 147
92 153
92 156
92 160
92 190
92 191
93 102
93 105
93 109
93 116
93 124
93 129
93 140
93 143
93 154
93 164
93 171
93 180
93 182
93 184
93 187
93 195
93 196
93 198
94 101
94 107
94 108
94 109
94 111
94 120
94 123
94 131
94 132
94 134
94 135
94 137
94 146
94 150
94 153
94 154
94 159
94 166
94 169
94 179
94 181
94 188
94 193
94 195
94 196
95 104
95 111
95 121
95 128
95 141
95 144
95 146
95 164
95 166
95 169
95 173
95 180
95 182
95 185
95 186
95 187
95 188
95 190
95 193
95 196
95 200
96 117
96 119
96 120
96 121
96 129
96 132
96 136
96 137
96 140
96 144
96 160
96 161
96 170
96 181
97 107
97 110
97 114
97 127
97 128
97 129
97 130
97 133
97 136
97 139
97 143
97 156
97 160
97 166
97 172
97 186
97 188
97 198
98 112
98 113
98 116
98 119
98 122
98 136
98 137
98 141
98 146
98 156
98 163
98 179
98 195
98 199
98 200
99 105
99 107
99 108
99 111
99 127
99 148
99 149
99 167
99 171
99 173
99 174
99 191
99 195
99 199
100 108
100 118
100 119
100 126
100 140
100 154
100 173
100 174
100 177
100 180
100 189
100 199
101 106
101 107
101 115
101 118
101 121
101 138
101 142
101 153
101 154
101 163
101 186
101 193
101 198
102 104
102 106
102 108
102 121
102 124
102 125
102 126
102 137
102 141
102 143
102 160
102 161
102 163
102 165
102 174
102 186
102 188
103 110
103 118
103 119
103 122
103 126
103 127
103 129
103 133
103 142
103 145
103 157
103 164
103 168
103 169
103 183
103 188
103 200
104 107
104 109
104 114
104 117
104 136
104 137
104 143
104 159
104 164
104 165
104 167
104 184
104 196
105 106
105 108
105 120
105 132
105 133
105 136
105 143
105 149
105 166
105 173
105 189
105 190
105 199
106 109
106 120
106 125
106 126
106 130
106 136
106 144
106 145
106 147
107 112
107 113
107 120
107 122
107 130
107 134
107 136
107 139
107 146
107 147
107 160
107 163
107 167
107 177
107 191
108 113
108 120
108 126
108 138
108 150
108 151
108 152
108 154
108 156
108 158
108 164
108 168
108 186
108 193
108 194
108 198
108 199
109 111
109 113
109 115
109 127
109 128
109 133
109 143
109 149
109 152
109 154
109 155
109 159
109 168
109 173
109 174
109 180
109 181
109 183
109 184
109 187
109 192
110 117
110 126
110 127
110 128
110 132
110 136
110 137
110 138
110 148
110 149
110 170
110 177
110 182
110 183
110 188
110 195
111 114
111 123
111 130
111 141
111 142
111 146
111 156
111 157
111 164
111 178
111 182
111 187
112 122
112 128
112 132
112 136
112 140
112 144
112 169
112 178
112 179
112 200
113 116
113 117
113 122
113 123
113 127
113 142
113 164
113 167
113 177
113 182
113 185
114 115
114 122
114 134
114 137
114 143
114 147
114 150
114 184
114 188
114 191
114 199
115 122
115 146
115 166
115 168
115 179
115 181
115 182
115 183
115 184
115 187
115 193
115 194
115 198
116 119
116 128
116 139
116 151
116 161
116 188
116 189
117 126
117 131
117 156
117 169
117 181
117 184
117 194
117 199
117 200
118 132
118 138
118 139
118 141
118 144
118 151
118 170
118 176
118 184
118 189
118 193
118 198
119 135
119 143
119 146
119 152
119 157
119 160
119 165
119 172
119 177
119 179
119 200
120 135
120 143
120 144
120 149
120 152
120 156
120 158
120 163
120 166
120 177
120 183
120 184
121 127
121 129
121 131
121 139
121 147
121 153
121 155
121 171
121 182
121 185
121 194
121 198
122 123
122 135
122 145
122 146
122 167
122 175
122 178
122 179
122 181
122 182
122 186
122 188
122 197
122 199
123 133
123 135
123 141
123 142
123 157
123 167
123 179
123 182
123 198
123 200
124 130
124 132
124 138
124 149
124 150
124 152
124 156
124 165
124 171
124 174
124 176
124 177
124 178
124 180
124 189
124 193
125 128
125 133
125 134
125 138
125 143
125 144
125 162
125 166
125 172
125 173
125 179
125 183
125 185
125 188
125 195
125 200
126 128
126 130
126 149
126 152
126 156
126 160
126 162
126 166
126 183
126 191
126 195
126 196
127 130
127 145
127 146
127 153
127 154
127 160
127 165
127 167
127 170
127 177
127 178
127 181
127 183
127 188
127 189
127 192
127 196
128 131
128 136
128 144
128 148
128 164
128 177
128 179
128 188
129 139
129 140
129 142
129 143
129 148
129 155
129 174
129 177
129 193
129 200
130 145
130 159
130 167
130 171
130 176
130 177
130 179
130 191
130 198
131 133
131 141
131 144
131 146
131 160
131 162
131 166
131 171
131 175
131 179
131 180
131 184
131 198
131 199
132 133
132 142
132 157
132 158
132 161
132 186
132 190
132 192
132 194
132 196
132 200
133 151
133 180
133 183
133 186
133 191
133 194
134 144
134 147
134 150
134 151
134 165
134 167
134 177
134 178
134 179
134 189
134 199
135 157
135 169
135 172
135 179
135 185
135 187
135 192
136 144
136 145
136 153
136 161
136 180
136 194
136 197
136 200
137 140
137 153
137 154
137 157
137 158
137 159
137 160
137 161
137 164
137 167
137 178
137 179
137 184
137 189
137 200
138 144
138 154
138 163
138 167
138 185
138 192
138 195
139 140
139 153
139 161
139 178
139 185
139 197
140 141
140 159
140 164
140 165
140 189
140 190
140 192
141 142
141 165
141 176
141 180
141 186
142 145
142 150
142 154
142 161
142 167
142 176
142 177
143 159
143 169
143 170
143 173
143 178
143 189
143 192
143 195
144 162
144 165
144 169
144 186
145 147
145 159
145 167
145 168
145 175
145 177
145 179
145 182
145 190
145 191
145 194
145 199
146 153
146 156
146 162
146 173
146 176
146 181
147 162
147 181
147 185
147 187
147 189
147 193
148 149
148 161
148 166
148 171
148 173
148 175
148 181
148 188
148 196
149 152
149 175
149 177
149 179
149 193
150 158
150 163
150 165
150 172
150 173
150 180
150 186
150 194
151 156
151 158
151 162
151 163
151 165
151 166
151 181
151 186
151 189
152 159
152 168
152 170
152 173
152 174
152 183
152 187
152 188
153 155
153 169
153 176
153 192
153 196
153 198
154 174
154 175
154 177
154 180
154 193
154 194
154 200
155 159
155 163
155 167
155 193
156 170
156 171
156 181
156 187
156 195
156 196
157 179
157 190
157 194
157 200
158 159
158 160
158 164
158 173
158 174
158 191
158 199
159 161
159 172
159 175
159 183
159 186
159 191
159 192
159 193
159 198
160 186
160 188
160 191
160 192
160 198
160 199
161 164
161 166
161 172
161 175
161 177
161 178
161 184
161 188
162 166
162 172
162 174
163 177
163 184
163 188
164 171
164 189
164 195
164 196
164 197
165 176
165 177
165 182
165 184
165 187
165 189
165 200
166 192
166 196
166 197
167 169
167 175
167 186
167 188
167 189
167 191
167 194
167 195
168 170
168 173
168 176
168 185
169 170
169 187
169 192
169 194
169 199
170 171
170 176
170 180
170 183
170 193
171 177
171 184
171 192
172 175
172 179
172 187
172 194
173 181
173 183
173 186
173 188
173 197
174 180
174 183
174 185
174 189
174 191
174 194
175 179
175 185
175 190
175 192
176 177
176 190
176 196
177 180
177 184
177 185
177 192
177 194
179 192
179 193
179 196
180 185
180 190
180 193
180 197
180 198
180 199
181 183
181 186
181 190
182 193
182 199
183 184
183 187
183 193
183 194
183 200
185 186
185 194
186 196
187 191
189 192
190 192
190 193
190 199
191 195
192 198
193 197
194 195
194 199
195 197
